73⁶.

11111 1111111111 1111111111

1111111111111 011111118. 1. 1111111, 1111 011111, 11., 11 8111111111 01111111 8.1.,

· · 81111111.

1111111111111 Dux. 1111 1111, Hercule· 11
11.-1111 111111111111111.

1111111, 8. 811111111111,111.

1111111111, 111111111 81111111, 118, 118,

811111111011111111111, 1111 111111.

1111111111 Dux, 11111 maian-Mu· uxor,
1111111111.

1111111111 0111111111. 1111111, 1111 011·
1111111 110111111..., P. [11111111 11.

8111111, 11111111 11111111 0111111101·
1111111 18111111, 11111 811111111111
1111111111, 888.

8111111, 1111111 11111111, lm, 185, 188,

1111111111, 1111111 811111, 1111111111·
111111 1111111111 11111111, 818.

1111111111, 11311111, V. P.. 1118111111
8111111111, 818, 818.

v 8111111111,111111,1111 11111111 111111·

1111.

1111111111, 1111111111, 8811.

1111111, 1³. 11111111, 181, 588.

111111 (11 811111, 81111111), Ρ. 1111111,
mMmm

mnus, Dr. 1111111111, 588.

11111111, 011111111111 11 11, Dr. 0111111·
11111 1111111111111111,188.

G

01811, 0101111111, 11111 0111111111 11
8111111.

0111111, 1111111 81111111, 888, 611.

01111, 11, 11111111, 108.

01111111 118111111011111 111111, Petrus
1111111111, 111111111111, Ρ. 8111-
1111111 81111 111111, 888.

01111111 1111101111111, 01111111111).
Andreas, 815.

0111111, Mag.. 18.

0111111 rex, 1111 111111111 11.

0111111111, 8. Hieronymus, 181,188.

(1111111, 011111, 811111111111 1111111-
Ι1111, 518, 885.

01111111, 1111111, 811, 588, 181, m, 818.

omero, Ρ. 1111111, 811118, 818, 851, 858,

1111111 11111111, 0. 1. 1.. 11, 11,
offilo· V 1111, 1111111111, 0111111 11.
0111111111 collegiis. 1. 1111111, 1111 011-
11111.-11. 811111.

<ibt-fin, 11., 11 0111111111 collegio 8. 1.,

m. 231.

011111, Mum, 8. 1.,1111.

0111111111111 0111111),1·11111111111, 811.

0111111, 81111111, 811.

01111111 1111111111111 11111111, 1111
81111111.

011111111 ceuceu 8. J. 1111111, 1111

1111111111 01111111 8. 1. superintendens
1111 viola.

011111111 Dux, 1111 8111111.

0111111, Theudoricus, 111101118111.

01111111, 111111111, 818.

01111,1’.1111111,1110, 1118.

01111111, 011111, 1111 erigunt.

011111(1.11111),1.11, 111,118,188, 1³2

011, 111. 1111111, Dr. Aegialus 1111111·
111 1111115111.

0111811111, 11111111, 181.

011111111, 81111111, hm.

01111111, 1³. Emmanuel, myniponmn
01111ςὶ1 8. 1. 1111111, 1181, 881, 818, 118.

0111111 111111111111111,1111 1111111.

0111111 1111111111, 1111 1111111111.

0111111 (11111 0111111), Ρ. 1111111111, ὥ,
meffimmm

01111, Ρ. 011111111, 1111111111 01111111
8.1. 1111111, 181, 151,151,811,118,π,181.

011111111 0111111, 11111111, 188.

01111 11 81111, 1111111111 (11111, 181.

01111 11111111, P. 011111111, 818.

Gunugu, 011111, 1 Dux 11 11111111.

011111181111111111 (81111111), Prind-
111 11 111111111 voulut, 88.

01111111, 11., 18, 81.

01111111, 1111111111.

01111111, P. 0111111111, 111111111111
01111311 8. 1. 1111111, 81, 8181, ἢῆ,
888,118,181·188,858,881,188.

01111111, 1111111, 1151, 18

01111111, 1111111 (1111 0111111111), 658.

01111111 11 0111111, Ρ. 1111111111, 151,
811, 118, 118, m, 811, alm, 811, 811.
&Qfflmfflffiffi

01111111, Ρ. 11111111, 118, 181, 1111, 8111
&53 ⁰⁴0·

floysuou, 1111 0111111.

0111111, 1111. 1111111116181.

0111111111 Α11111111111111, 11111 0111·
roro.

01111111111011111118. 1. 1111111· 11 1111- 1

111111 11311111, 1111181111.
011111111101111111 (11111 conger, 1111·

111, 1111311), 011111· (011111 11111111.

1111111111),881,111, 1118118.

 

