⁸ 111111 11111111111111111111111·

1111111111111111. J. superior, 1111
adfluentem.

11111111, Ρ. Alpheum, 18, 11, 011.

1111111111.,811111111,411,481,118.

Lucia. 811111, m

moriem, 111111, m.

1111111111,1.1111111111 111111,.1111111111
regu 111111, ὃὸ.

Luna, 1111111111 11, 118.

Luat, 11111111, 01111111 Lm, 1111111
Dux. 100, 818, 811, 818, m.

1111011111111111,111111111111111.-11. 111-
11111111.

1111111111 Princeps, 1111 1111111111.

ιῖῗίω 1111111, 1111 0111111111 11 ,111-

Lusitaniae 1111, 1111 11111111 111.
11111111 (1111111111), 1111111111, 412

M

1111111110111111111111111,’11111111111011-
11111111, 1111111111111111111111111, 181.

nundum, 8. 111111, 81, 470, 118.

1111111111, ,1111111111181111

11111111 (1111111111), Ρ. 0111111111, 111111-
11110011111118. 1. 11111111, 88, 11, 11,
’1,10,11,111,111.111,5ι1,11,111

1111111111, 1111111111, 481, 181.

1111111111 (1111111111), 11111185.

1111111111 1111111. 11111 01111111 11 1³·-
111110.

11111111111 111111 nepo· 1111111111, 108.

111111, Lupus 1111), 1111111 11 1111111,
0111111111111111111 1111111111111111111111-
11111111, m, 281, m.

1111111111, Ρ. 1111111111, 1111 1111111111.

11111111111111.. 81111111, 411.

111111, 1111111111 (111 1111111111, 111111 11111-
111111 Regina, (1111111 11111, 101.

111111,11111ι11111111111, 8111111111 11 Hun-

gniu aegla, 1111, caroli V 1111, w,
111.

1111111(111111 11111111), 1111111111, Apo-
11111111 Nuntius 11 1111111111, 818.

1111111, Ρ.. 011.

1111111111, 1111111111111111, 111, 128.

‚ 1111111111,1“1,111, 181

1111111111, P. 1111111,221,111.

1111111111, Ρ. Petrus, ortonensis, 1111111·
11111111 11111111111, 2111, 128.

111111111811111111, vulgo 8111111(8111-
11111111111111, 1111111111111111111-
1111 11 0111111111, 481108, 121.

111111111111,1>11111,1111111 811111, 111.

1111111111, 1111111111, 010.

m.

1111111111111111, 81111111, 00, m, 15,
142, 811, 8111411, 181, 814, 011, 881.

1111111111, 1., 11111 humilima, ῶ8,
115}ssae ι01111111 1 01, 1111111111 Dux,

111113111811111, 11111111 11, 11111 eumn
11 111111.

· 1111111111111111101111111,11111111111111.

111111111111, 1111111111. 118, 414.

11111110111111 11 111, vua 1111111111 11111-
don.

111111, 1111111111, 8111111111 8111111111,
(111 1111110111, und· 111 textu 1111111111·
mmmwm

11111111, nutrix 11, 0111111111111 011111-
11111, w.

11111111, Ρ. christophorus 01, 1111111111-
111 collegii 8 J. 111111, 200.

11111111, 11111111 11, 100, 201.

11111111111111111111, 1111111111 11, 111-
3111111 1111111111 11 0111111111, 184.

1111111111 11 111111, 1111111111111, 108.

1111111, (11111111, 188, lm, 110, 111110.

1111111111 111 11111111111111111111111111,
Ρ. 1111111111, Perusini 00110311 8. J.
811111, 1111, 110.

1111111111, 11111111 1111111111, 1111111111-
111 1111111111111111161111111111, 818,
Μ,108,014.

111111111111 1111111111111 11111111, vu·
0111111111-Ιά 1111111111.

111111111111 11111111111111 11 011111,
vido 1111111111.

111111111111 collegii 8. J. 1111111, niis
Rhodlnlaeld. conara-1³. Vlnck.

1111111111, 11111111 11, 811.

11111,11111111ι11,011.

1111111, Ρ. 11111111, 1111111111 01111311
8. J. 1111111, 210, 215, 251, 210, 801, 111,
414,181.-1.ι1111111111 Provinciam, oes,
081, 101, ‘am-700, 111, 114, 118.

Misericordiae 11111111, Eborac, 118.

1111111111, Princeps 11, vido 011111.

1111111111 (11111111111),518,111, 5111.

1111111111, 1111111111 1 11, 1111111111 11
Mondou.

11111111111111111111101, 1111 aurudo 11
11111111.

11111111 11111111, 11111111 11· 11111 1111,

Montanum, Ρ. 1111111111 11,118,518,
581181.

111111111ς1111111 1111111111111111111111,
1111 11111311111.

11111111111111111 1111111111111111 11 011-
1111.,1111 11111111.

1111111111, comen 111 11, 1111 1110111111

 

