748 111111 1111111111111

1111111, Β. 1111111111 111 loreto. templum, 018111, πω), m,

1111111, ll, 514, 580, 58.
1111111 (luy-deleme), 41.
11111111111 monasterium, 40.

111111 dl 81111111, 850.
111111111 (1111111111), 58, 588.

1111111111, 11111 11111111.

11111111 de 8111111181111111 de 81111111.

508

Μ4814851508188·
8111111111101111111111 01111), 584.
111111111111,1111 1111111.
11111111, vla· 11111111.

’ 8111111111 collegium 8. 1., 188, 181, 816.
11111111 (11111111), 181, 188, m. 888, wll,

³05, 818, almo, 883, 5⁰8, 808, 518, 510,

1124Ξ1111, 1181 1111111.

11111111111111111111 8. 1 ., 508.
1111111111101111111), 84, 581.

Misericordiae templum, 0111111188,

854

Μίῗιθ411111881.

111111111(1111111111111,11 8111111), 668·

001,608.

11111 8111111111 1111111111, 11111 111111111.

111111 11111111, 11 8110111181 1111111111.

111111111111.581,581.
111111 81111, 11 111111. ω, 16, 511, 58⁶.

1111111111, 580, 588.

1111111111111110111131111 8. 1., 11 111111-

1118118.

111811181101111 18111111011111821,

1118111 (1111111), 48, 51, 58, 118, 810. 818,

01111880. 11111 111111.
01111, 110,

015111111 1111111111 0. coelestin,
prope opplcl 211111, 881, m.

P

81111111 (8111111111, 114, 146.

811111181111111), 104, 101, 101811, 801,
ἓξ, 845. 818581. 5881558. 5511618

81111(8111111,1.111111811111111141114,
188, 188, 186, 815, 804, 481. lae, 458, 511.

8111111111 Collegium 8. 1., 41. 540.

8111111111 0111111111 8. 1., 144.

81111111,11111 8111111.

81113ςί1 (8111111111, loe, 108, 118, 804,
8118811886, 481480, 484.

Perusinum collegium S. J.‚ 108. 111. 881,
mmmm

81111111,11111811111111.

81111,811111,1111111; 1111 8. 1111111111
commutatur, 8111111481.

81111111311Λο1 1111111111 1111111111,
5111511584, mm

8111111, 11111 8111111111.

Placentinum collegium 8. 1., 1881, w, 84.

811111111181111111111,8, 1, 15, 80, 81, w,
mffimfflmffiffi

81111, lm.

8111110111111 (0111111111), lo, 42.

81111, 0 81111 (811111), 818, 211.

Portunalis, 1181 Lusitania.

111111111111110111111118. 1., 11 sicl- Prtll (Prngn), 811, ³⁶28, zm, amu, Μ’

111608.

1111111111 (11111 11111111, 11 1111111111), 8118,

854, 8116.
1111111111ηά. 188.
1111111111, 606. 688
1411111111. 40, 840. 841.
11111111, 881.
111111 dl 111111, 580. 580.
1411111, 188, 181, 188, 841811, 845, 851.
1111111111 0111111111 8. 1., 181.
1111111, 1181 11111111.

Ν

11111111 (Neapolis), 160, 858861.
8111111111111 Collegium 8. 1., 88, 861.
1111111111 (8111111111), 550, 151, 615.

Ο

0 Pone, 11111 Porto.
0111111111 0111111111 B. 1., m

411, 418, 421, 488, 481, 488.

4 811311110111111111 8, 1., fflffinffivfflv
1 410, 414, ‘mmmm

R

1111111111 (1111111111), oe. ἱ

1111111. 868.

11111140.

111111111111, 888, 811,

111111,48,41,88,118. 118, 186, lm, 1818111
8018101118, 816818, 861. 8181811801, ml,

·ffimffimfflfflffiQffim
481, 451,484,500,514,816,508,81181188,
001, 801158, 6881181611, 688.

Romanum collegium S. 1,(111111111111
11111111, 488,

11111111 0111111111 8. 1., 1111111111 ‹li-
1111, aae, 681.

1811118118.

1111111, 1181 11111.

 

