44444 4444444444 ’

*nu-nnb-

' 0404444 44404414,1[0.
’ Α ,0404444444 0411441444109.
0444414444 1044414444) , 041 , 041, m, 019,
1114144114 114144, 010, m, w, 010, m, 004. 091, 400, 400, 400, 404, 041, 040, 000, ml,
0141441140. 1444144 de 04414, communitor 000.
dicu S. 1144144 11441444 0444414414 441 044104144441,044411, tenplum, 01144444,
044044404414, 011. 010. ‚
11004114 04444414, 41. 0444444440 (0444444141, 40, 40041.
00414414444114. . · 041444, propo 014441444444,010.
August, 044441, 1444441444, 044414, oel. Bellium, 4144 1111114444.
Aethiopia, 100. ’ 04414444000, [m.
140144, 001, 100. 04444-44-01444114444Μ. “
Agna, 0444144, 1444441444 , 04144144, 001. 010444, 000, 009001, 014, ³⁰⁸, 001, 010, 040,
413444444414444444444 14 04414100). 1 044, 540040, 011-010.
4414441004 11444444 4044414144).0,0,18, ἡ 01444444404114411444 8.1.,141,041,010,
21001000, 041, 045, 010000.200,000,000, 041018.
001, 000, 040, 043,Ι 040, 000, 001, 011, 010, 0111444 (0111444444), 0040, 4441, 000040,
000, 0900941001ῦο. 040044, 000041.
1114444444, 500. 011144444404114414440.1.,01.
0144404444100. ¹ 011144444411444414414440. 0. Bou„ 110.
tumbert, 41, 040. ¹ 0111444444,4144 0111444.
mmet, 1914094. ¹ 0414444414, 010, 400, 401,400.
mmmm. 1 4444444(4444444),44,44, 444, amm.
444444444441444144444444. 044444114141441414444114),01.
magonia, 004. 01144114,Ἇο
444444, 140, 100. Broc (1.4), 40
Λῐῐθῦῦῦθῑιθῧῖ- 0444441144 (0444411441, 190, 001, 400, 404.
Arvernis. 09414. 040410. 414, 441. 4414444444444. .
Aaou, 11. ⁵⁸⁰, 5⁸9· Burgenae 4441441444 4. 4., 444, 444.
1441404414, 4444 14444 de 14 04441444. Burgi, 4144 Burgus.
04144 0441444144,41440441444404 04444- 04444 ‘de 04444,040.

44404. 044444(04431),0,190,415,411,00],001.
Avila (1104141, 001. ¹

B caumata, 4104 04444444. Ι
nunu, mm cumaugumnum Collegium 0. 1., U,
0441144 1144414414 11. 1., 0114090100. 091

mm· · 4444444444,44444444, . ..
Τ. ιν. 48

‚⁶ ..ΔΛ

 

