mmlx Gssockll’mcus

S

80000, vua 01000.

δικ-3001001 (Sanetus cyncluu, 10 textu),

00101111001801001110100, 10 textu), 840. ,

, ει101-10000,44.

&lul-Pleno, 00010, 118.

8010100000 (Salmantica), 304, 301, 385 433,
fflffifflfflfflfflmffim

80000110000000110010003001110100001,
poam 01 11010 dictum, 438.

&nanticensis Academia, 18, m.

0ιο (lenonio, 518, lm.

300 Severi no, 77, 511, 531.

300011 3011010 (000 3100) Collegium 3. 1.,
prope 0001010000058.
0001000100300000000 (30100 1100100·
ξω, ,31 ,33, 30, 83348 350, 418, 40, 101,

0000000001013514541.
0001001, 80.

0000110100, vm segorbo.
Seffontlt, 0010 31000000.

0000000 (Segobriga), 331.
Seme, 0100 31000.

septimum, 01308100οΜ

Sollffigcenm probationis 00000 0 1.,

ωοοω00000,0,0,

ξ,306,, ,Q 331,413,431,433,433,101,

0101110, 131, 330, 511, 514, 541, 003.
01000 (Sanun, 80000), 483, 484, 400.

01ῧοιῶἳο (31)ςο0110,0οςοο110), 033, 013,
4

0100011000 0011031000. J. ,5 3.
0100000130011000000). 0, 1, 30, 103, 150,
158,331,341,341,353,500,503

31000000 (symma), 101, 101, 1031110113,
- 600, 608, 011.

0000000000, 41. 840.
0111110000 000001000041, 340, 533.
Sy tanum, 0104 siracusa.

syracusanum 0011001000. 1., 600, 033,
003605ηο3 010, 011.

Τ

1ῗο60100 0010010000 010100, (1000100,
110011(1“01100),31,33,153, 104, 485, 433, 004.
101000 (Toletum), oel.

Tolenllno, 77.

‘lournal (10000000), 53, 50, 103, 300, 403,
1011400100 00 Rhenum, 0101300001.

749

luponi (Drepanum), 004, 003, 018, 123. “
10010000000100014141.

10000, old« 110011,

’1050011000 collegium 3. 3., 33413.

U

1100001180.

01000100, olyssipona, 0100 110οο0.

[11000100οο00 0011ος1001 0. 1., 331, 853,
455, 451.

0100100000010 1101100110. 31000100, 0.
11010010 0100100, 304.

Ulyniponensis professorum 00000, 0. llo·
0111 01010, 308, 151.

310001110100100 00 3110000), 634.

1111001138, 84.

V

10100010 (10100110), 1, 340, 345, 351, 310,
318. 381, 38, 331, 400, 400, 468. 413414, 410·
418, 481, 641043, 3411, 051, 353, 054, 055,
018, 014.

1010011000 collegimus, 1.. 310, 311, 313,
331, oel, 408, 403, 413, 050, 051, 054, 055.

1011000110 (vallisoletana, 3100101, 33, 85,
mmmmffimfflmffi
501, 5030531113.

1011001010οι1οι collegium 0. J.. ae, 35.

1011001010οι, vlu 1011000110.

Vambm (1010010 10011000), 44.

10100000 monasterium, 40, 41.

10001100, 0100 venezia.

1000100 collegium 3. 1., 144, 500, 503.

1000010010000001, 35, 31, 38, 144, 311, 553
&mmmm

vernello, 0110 ermeno.

10100000, 44.

1101οι00ιο10, 45, 340, 343.

Vienna, 0100 Wien.

1111100010110 01100 30111000), 183.

1100 (110001001501.

1100000, 045.

Wlen (110000). 315, 331-333, 334, 400, hm.

Χ

11000001000010000.
Xenodochium mximum, 1000001, 05.

Ζ

2ιο001, 431.
30100000 (00000ηοςο010),385, 383, wll,
383, 333, 400, 400, 403, 401, 410, 411.

 

