mont monueramus

108, 010, 010, 011, 014. 011, w, 004, 000,

01111111 0111111111 0. 1., 10), 1044111,
100,010,0’0,010,101,01,00,0’0.

01111111, 011111,1111111111,01111411, 100,
101, 100.

Germania, 100, 010, 401, 400, 400.

0111111111 11111111, 014, 000.

Germaniae Collegit 0. 1., 400.

01111111, 011111, templum. 11111111, 101.

ωωωωψωηωωμ

0111111111 1111.

011110110111111), 000, 010, 000001, 000·
500001, 0001111.

0111111111 collegium 0. 1 ., 000.

0111111111 1111111001οὶ4.
01111111111, 410, 400.
0111011111, oppia, w.

H

011111111111111111111111111111, 0111111
01011111101111111111411111, 11 oppido
0111111111, 00, 401.

0111111111011111141110. 1.,001.

111111111,1111 0111111.

1111111111, 01, 100, lae, w. Bw, Bw. 000.

Hispaniae 111111111, 40.

mevaniae Provinciae 0. 1., 001.
1111111111, 400.

Ι

01111111111110111111 (11111 textu), 11111
01111, 0111111, templum...

111111, 11 gem, 100101, m
111111 0111111111, 011, 011, ῶ4, 0111001, 000.
1111111111111101111111111 0. 1., 010.

leggenda 11111111101111), 401, 000, 005,

ιωῄωωω
mmaemnmw.
mammea

J

1111111, 011111, 1111111111, 11 0111111111,
0111111001.
. 1111111111, 01.

Κ

11011 (0111111). 048, 000. 010010.
11111111 (1111111111),11 1111111111, 400.

L

11011111 [oppidum 0111111111, 11 tex·
11), 000.

11101111 (11111111), ew.

Lambraa, 11111 1111111111.

1111111111 collegium 0. 1 ., 10, 00.

1111111111,1111 aereae.

111111, 011111, tempium, 0111111111, 001.

Leaena, 1041 Imeus

Llaffe (1111111111), 001.

1111111111111 ,111. 1111111), mo ‚ 400 , 400,

Habea (1111111111, 0111111111. 01111111),
100010011, 001, 000, 010, 001, w). 000,
100,400.400,000,001,010·004,001,104.

11)1,000, 001.

1111111, 001.

111111(1111111111),00,11-10,’0,81,014,010,

111111, templana. Virginle 111, 1111111·
1111, Β. 1111111111111111.

1111111 (111111111111, 00, 01, 00, lm.

1111111111 collegium, Feleenaaae 11111111,
104

’ 1111111111,1111 11111111.

111111 (11111111), 44.

111111, 0111111, 1111111,11111111,11.

Lugdunum, 11111 Lyon.

Lusitania, 100104, 011, 000, 004, w, w,
404, 001,041, 044, 001, 011,Θο 100.

Lusitaniae Provincias. 1., 004, 001.

Lutetia 1111111111, 1411101111.

1111(1.1111111111),04, w. 000

Μ

111111111, 010, 010, 004, 120.
11111411 (1111111111), 00, 004, 001.
111111111, 1111111, 001.
11111111,1111111, 101.
111111113111, 1111011111.
1111111111, 010, 000, 410, 410.

1

11111 da la 11111111 (Aeta Regia), 01, 10, 111111ιὶ1 Α111111111,141111>1111111111.
101, 102. “ 1111111, Β. 11131111, 1111111111, commun,
1111(111111101111,01111),11,001,001. 001, 040, 040.

11ἒ111ἀ801110111111111,0111101100, 1111111, B. 01111111, 1111111111,141111111,
1 128. 124.

11111111, 011111111111111, 01111111, 171, 1411111, Β. 0111111111 011111, templum,
101, 0111111, 100100, 101, 108.

 

