lilim onomncus PERSONARUM

0166661 (1116666166), 1666661, 616.

’·” 6661666,6.6111661.1166116611.

11661166 1610661161 (11611666,11611666),
11166661, 110, iffi. 196.

·.· (16611616.161166,111666166616 11611661·

mmmmmmmmffi

(16166, carolos 16, 0611166116 161116116-

6166, 119, 111,
(1661661166, 661611666116066661166.

116161). 1666666 1611116161.

³ (iulienses, 1. 1611666699.

(1611666,1116. 1666661, 650, 651, 656.

, omnen, 1. 11116666 16, 119, 151, 615, oel.

0666166 61 116666,1666666 1161166666 16,
111 an 16 lisoius 61161116, Comes 16
ilionis, 11, 119, 111.

Η

1166116666 06161166616, 061116, 161196.

11611161 16 sacro 96666 (9661666611), loen·
666, ml.

116661666, oliverius, 510.

11666661111611166616666), (neruine, 6111
1161611166661.

1166166, 1611661166, 519, 550, 561, 619616,

1111666, 11666116166, 616.

1166611166. 161166615,

11666 (1166666, 1166166), Ρ. 11661166 166,
Ἇηηηᾶ

1161611, Ρ. 0666661166611061166119. 1. Re·
6161. 66, 61, 559, 560, 561. 561-16161161
06116611 6. 1. 96661161, 1116661, 617.

1166616166, 6166616666, 615.

116666, 1161166666 16, ew.

116611616. Antoninus 16, 91. 161, 162, 196.

1161111666, 1116166616 1161166666666 , 061-
1166116, 1661166166 Princeps, 1666166
1666161166661616166166616666 16 Lu-
61166161666161161, 151, 155, 213, lli, 116,
150, 151, 56), 5665616611, 101,106·111,115-

1166116116 li. 6611166661110.

116166611116161, vide 1116161161 166116.

1161666166, 1161166666, 129, 161, 911, 611,
616561, 56, 510, 516

1161666166, P. 6611161666666, 6611116611·
666616 collegii 6. J. 1166161,199.

1161666166, P. Emmanuel (61166 i’. 11666
6661 1616661661, 16 1166161161 06116·
gio 6. 1 ., 105, 101, 106, 110, 110115, 111.

1161666166, Gesner, 196, lm, 199.

1161666166, l’. Penius. 151, 156.

11611616, 116161166169.

1166666, l’. 11661166, 6116 11666.

73Τ

Hierapolitanos 1161666666, eide 06166116.
Hieronymi, 666611, 66616166, 1661611, 516.
Hieronymus, 6116 <Eleorum

Hieronymus, mutinensis, 8.

11116,166661166,1111.

111666166616 116116666661 111661166, eills
061166166 de finissem-16. 016616.

Hispalensis collegii 9. 1. 1166161, eills
66666161, P. Gundisslvns.

1116666166 0656166116, 6116166666.

Hispaniarum Princeps, 6116 1101666611.-
16. 0616166.

1166666166 Rex, 61111 Philippus ll.

11666166, 110, iio.

66661611161661666616, sice 161616.-
6166 6661, eide 1666.

Herelius 6166666, Quintus, 561, 055.

1166166, 6166161666, 1616166616 episeopus
61061616.,131.

fluentis· regine, 6116116116.

1161161616 1161111616 , Dionem, 11616116 16
116616161, 1166666 06661111 16116166,

11611616 16 ueniens, 0116666, Dux 16
6166661116, 11 comes 16 161116, 11666-
11166 116161, 161196, 191, 121.

1161161616116111666,1166616666, 1166116
16611 comes, 11616116 16 1166166,

116116161611661611, 0661661166 , 0661-
116 1166116 musitationem.

1161161616 11661666, 1616116116, 0661116
1166116 16611 116161, 566.

1161161616 11661666, ludovicus, 11 1161-
6111616 1161116161, 1166666 0666111116116·
16161116.

1166,16611666,110,111.

Ι

1666116(1116161),1166. 16661166, 616.

ildephonsus, 9666166,·1616166116 1161116-
61666666,161.

161161, 1. 11.,191.

166166 0611166116,6116 Dentiiol.

161166 116161, elas 1166661661166.-11
1161616.

16116166 Consilii Presses, 6116 11611616
1611661666.

ingolstadiensis 1166166166 1166161, eide
Weber.

16661661166616 collegii 91. 1166161, eide
166111,

inquisitor supremus 16 166116616,6116
116611666.

166166116611.,61.

 

