2⁸6 1111131111 0310313551315

3113105133, 3111111005 3 1105135 principales, que 0301135 33105135
y 310335101105 11013 01311311.

Tambien 3053305110 nuestra venida 11011105 03110 31301135
003105510305 303013105, 3 01135110 31301105 330 30 3331331031·
do 3 33501105, 03 10333130 ha sido 30330110 11310 3301103105
0030501110 03 135 003501030135 110 105 proximos: 3333310 503
3510, 5311010 01 330 33113 133013, 01 qual 0030500 11103 quantas
conciencias se 1133 1033111110, 330131501311111130310333133031110,
3333105 300031105 3111111005 1133 00553110, y quantas 3311335 50
1133 111113110 110 135 133305 1101 1101110310, 110 135 333105 03103110-
1305 303 010110 330 3133335 3015030133 03 bien. jesu Christo
3305110 senor, 30333 310113 50 haze todo, lo 3010310310, 3551
00130 113 11311013 333113 3 1301035 3313 330 0030333550,

Νο callare 311. Ρ. 0133103001133110310 spiritual de 33301105,
3 105 333105, 50333 13 315305101011 110 cada vno, permittimus 00·
133133150, 1305 03113 3105, 01105 3331330 11135, 01105 3 105 00110,
330 05105, 33050133 3000 1335 0 menos hasta 010310, 3015030·
133 03 535 1130335 011135 00313313 101131οῑ3 33103113, 30 cu-
133110110 135 31301135 murmuraciones de 105 1311030105 003113
01105, 330 30 1131103105 1111111131 03 01105 01 5311113 Sancto 003
31330031331030103 110 535 110305. Pero entre otras cosas nos es
03353110 311131130103 ver que 3133305 1103111105 331330105 de
baxa condicion, 1101133110 3 105110 1335 3110 0513110, 1101305 enten-
dido que 1133 301503013110 133130110503110103110130511013301105
131505 105113103105 3 3113301105, 3303 03113 33550 50 0333 003113
30501105, 3131311103 03 003501331 105 00350105 3110011133, 330
3313 11103110 sus almas les 1133131305 113110, y 03 133010001305
50333 535 1301035, 330 31 113135 3111311135 3113131135 105 enfla-
3300133,31105 0533313333 105 30113105 330 3311101113 10301 03 535
311135 segue 013 01 furor de 13 30310, 31 105 1133 30111110 3331131
dela 1103303013 30051331013113 110 105 53013303105, 31133330
31301105 predicadores (cosa 110110101) 3301103331133113130310, y
30 513 03310111101105105300301130103 ,de 13 0113 gente 003113
01105, 50 10 1133 1131133330 (1155331111. 101135 05135 00535 11103 mi-
131135 0111301033 13 100110 105 330 3103011 110 33030 3 ,113150 3
Dios, y hazen 1335 1301105 3105 330 -11333013133001110011 13 ten·
130103. Las iniurias que 31301135 30305, 11053305 110 11301105, 305
1131133, 105 1303053100105 3 contumelias 330301 135 3130353

031105 33111103130310 33 53 53130 305 1133133, 3333 3311011311 1

 

